                      [00m
           [38;5;71m▄[38;5;71m▄[38;5;65m▄[38;5;65m▄[38;5;65m▄[38;5;71m▄[38;5;83m▄[39m    [00m
     [38;5;77m▄[38;5;77m▄[48;5;83;38;5;238m▄[48;5;71;38;5;237m▄[48;5;238;38;5;65m▄[48;5;238;38;5;77m▄[48;5;238;38;5;83m▄[48;5;238;38;5;77m▄[48;5;238;38;5;77m▄[48;5;237;38;5;71m▄[48;5;238;38;5;239m▄[48;5;71;38;5;235m▄[48;5;77;38;5;71m▄[49;38;5;71m▄[39m [00m
    [48;5;71;38;5;71m▄[48;5;65;38;5;238m▄[48;5;235;38;5;71m▄[48;5;239;38;5;83m▄[48;5;77;38;5;71m▄[48;5;83;38;5;77m▄[48;5;77;38;5;240m▄[48;5;65;38;5;236m▄[48;5;71;38;5;65m▄[48;5;71;38;5;77m▄[48;5;77;38;5;71m▄[48;5;83;38;5;71m▄[48;5;71;38;5;83m▄[48;5;235;38;5;239m▄[48;5;71;38;5;238m▄[49;38;5;77m▄[39m[00m
    [48;5;71;38;5;71m▄[48;5;71;38;5;65m▄[48;5;83;38;5;77m▄[48;5;71;38;5;71m▄[48;5;71;38;5;71m▄[48;5;238;38;5;238m▄[48;5;95;38;5;238m▄[48;5;240;38;5;235m▄[48;5;71;38;5;71m▄[48;5;77;38;5;77m▄[48;5;71;38;5;77m▄[48;5;71;38;5;65m▄[48;5;77;38;5;65m▄[48;5;77;38;5;83m▄[48;5;236;38;5;237m▄[48;5;71;38;5;65m▄[49;39m[00m
   [48;5;65;38;5;65m▄[48;5;71;38;5;65m▄[48;5;71;38;5;71m▄[48;5;65;38;5;238m▄[48;5;65;38;5;236m▄[48;5;238;38;5;239m▄[48;5;65;38;5;77m▄[48;5;238;38;5;77m▄[48;5;65;38;5;71m▄[48;5;65;38;5;71m▄[48;5;71;38;5;77m▄[48;5;77;38;5;65m▄[48;5;236;38;5;234m▄[48;5;239;38;5;65m▄[48;5;83;38;5;83m▄[48;5;237;38;5;236m▄[48;5;240;38;5;65m▄[49;39m[00m
   [38;5;71m▀[48;5;239;38;5;65m▄[48;5;71;38;5;236m▄[48;5;71;38;5;238m▄[48;5;239;38;5;239m▄[48;5;77;38;5;239m▄[48;5;77;38;5;238m▄[48;5;239;38;5;238m▄[48;5;65;38;5;65m▄[48;5;77;38;5;237m▄[48;5;71;38;5;234m▄[48;5;235;38;5;238m▄[48;5;236;38;5;239m▄[48;5;71;38;5;77m▄[48;5;71;38;5;237m▄[48;5;235;38;5;237m▄[48;5;71;38;5;77m▄[49;39m[00m
    [48;5;71;38;5;238m▄[48;5;237;38;5;71m▄[48;5;236;38;5;65m▄[48;5;235;38;5;71m▄[48;5;237;38;5;237m▄[48;5;237;38;5;235m▄[48;5;235;38;5;239m▄[48;5;235;38;5;77m▄[48;5;238;38;5;83m▄[48;5;71;38;5;65m▄[48;5;65;38;5;238m▄[48;5;65;38;5;77m▄[48;5;71;38;5;235m▄[48;5;234;38;5;238m▄[48;5;71;38;5;77m▄[49;39m [00m
      [38;5;71m▄[48;5;71;38;5;236m▄[48;5;237;38;5;71m▄[48;5;77;38;5;83m▄[48;5;83;38;5;77m▄[48;5;83;38;5;65m▄[48;5;239;38;5;237m▄[48;5;237;38;5;77m▄[48;5;77;38;5;65m▄[48;5;237;38;5;234m▄[48;5;236;38;5;71m▄[49;38;5;77m▀[39m  [00m
      [38;5;71m▀[48;5;71;38;5;77m▄[48;5;77;38;5;77m▄[48;5;77;38;5;77m▄[48;5;71;38;5;237m▄[48;5;237;38;5;65m▄[48;5;77;38;5;83m▄[48;5;71;38;5;236m▄[48;5;233;38;5;236m▄[48;5;71;38;5;83m▄[49;39m    [00m
       [38;5;71m▀[48;5;77;38;5;77m▄[48;5;71;38;5;65m▄[48;5;238;38;5;239m▄[48;5;77;38;5;77m▄[48;5;71;38;5;238m▄[48;5;234;38;5;237m▄[48;5;71;38;5;83m▄[49;39m     [00m
        [38;5;77m▀[48;5;71;38;5;77m▄[48;5;65;38;5;77m▄[48;5;77;38;5;71m▄[48;5;237;38;5;237m▄[48;5;239;38;5;65m▄[49;38;5;83m▀[39m     [00m
          [38;5;77m▀[48;5;77;38;5;77m▄[48;5;237;38;5;71m▄[48;5;238;38;5;65m▄[48;5;83;38;5;77m▄[49;39m     [00m
                    [00m
